41
208 403 196 416
184 372 166 380
235 372 224 381
178 320 158 313
127 287 102 282
249 320 241 311
305 295 289 282
165 290 141 282
140 312 117 311
285 321 273 313
265 291 254 283
213 186 203 160
164 190 150 167
59 113 33 86
78 266 54 244
273 191 249 161
376 120 348 77
347 291 346 239
356 290 361 258
388 283 401 250
408 270 411 248
91 334 59 329
108 383 90 410
122 437 97 488
138 487 111 538
118 553 124 610
164 562 143 620
217 572 192 618
268 582 270 617
344 591 344 613
397 592 394 610
412 588 412 608
371 213 354 189
68 210 41 199
116 217 100 196
327 227 309 188
172 420 159 432
245 425 230 431
209 418 197 427
191 419 179 429
227 419 214 430
